t-value = 6.45244319182
p-value = 1.99303252958e-08