t-value = 6.88130019126
p-value = 4.19103374768e-09