t-value = -3.25899999286
p-value = 0.998992985697