t-value = -1.2874190076
p-value = 0.898119888832