t-value = -2.64588606158
p-value = 0.994596576416