t-value = 5.34284029278
p-value = 1.07449100613e-06