A : 0.255638142292
C : 0.150962117218
B : 0.138137367545
E : 0.186321694878
D : 0.117978560849
F : 0.150962117218
